{
  "checkpoint": "output/checkpoints/best_model.pt",
  "is_ensemble": false,
  "ds2": {
    "macro_f1_4class": 0.5725255818704473,
    "macro_f1_3class": 0.7642556121732559,
    "accuracy": 0.9161466929672718,
    "per_class": {
      "N": {
        "precision": 0.9698495961377773,
        "recall": 0.9445712864796437,
        "f1": 0.9570435519519932,
        "support": 44237
      },
      "S": {
        "precision": 0.4959677419354839,
        "recall": 0.40174197060424605,
        "f1": 0.4439097744360902,
        "support": 1837
      },
      "V": {
        "precision": 0.8374964917204603,
        "recall": 0.9267080745341615,
        "f1": 0.8798466755123102,
        "support": 3220
      },
      "F": {
        "precision": 0.005817711700064641,
        "recall": 0.023195876288659795,
        "f1": 0.009302325581395349,
        "support": 388
      }
    },
    "auc_per_class": {
      "N": 0.9597621837945138,
      "S": 0.9503654430278139,
      "V": 0.9933319949435737,
      "F": 0.7581858941030861
    },
    "confusion_matrix": [
      [
        41785,
        736,
        323,
        1393
      ],
      [
        885,
        738,
        191,
        23
      ],
      [
        100,
        14,
        2984,
        122
      ],
      [
        314,
        0,
        65,
        9
      ]
    ],
    "confusion_matrix_normalized": [
      [
        0.9445712864796437,
        0.016637656260596333,
        0.007301580125234532,
        0.0314894771345254
      ],
      [
        0.4817637452367991,
        0.40174197060424605,
        0.10397387044093631,
        0.012520413718018509
      ],
      [
        0.031055900621118012,
        0.004347826086956522,
        0.9267080745341615,
        0.037888198757763975
      ],
      [
        0.8092783505154639,
        0.0,
        0.16752577319587628,
        0.023195876288659795
      ]
    ],
    "top_confusion_pairs": [
      {
        "true": "N",
        "pred": "F",
        "count": 1393,
        "frac": 0.0314894771345254
      },
      {
        "true": "S",
        "pred": "N",
        "count": 885,
        "frac": 0.4817637452367991
      },
      {
        "true": "N",
        "pred": "S",
        "count": 736,
        "frac": 0.016637656260596333
      },
      {
        "true": "N",
        "pred": "V",
        "count": 323,
        "frac": 0.007301580125234532
      },
      {
        "true": "F",
        "pred": "N",
        "count": 314,
        "frac": 0.8092783505154639
      },
      {
        "true": "S",
        "pred": "V",
        "count": 191,
        "frac": 0.10397387044093631
      }
    ]
  },
  "calibration": {
    "temperature": 0.6567752361297607,
    "ece_before": 0.14153667983225707,
    "ece_after": 0.038756654687460666,
    "acc_at_80_coverage": 0.974663479682979,
    "acc_at_90_coverage": 0.9575738599512446,
    "acc_at_95_coverage": 0.9391486747039006
  },
  "snr_robustness": {
    "24": 0.5726878299878118,
    "18": 0.5769619834842723,
    "12": 0.5758863428222658,
    "6": 0.5565597008802543
  },
  "cinc_leadI": {
    "per_rhythm": {
      "A": {
        "n_records": 400,
        "n_beats": 24562,
        "class_distribution": {
          "N": 0.4847325136389545,
          "S": 0.18581548733816464,
          "V": 0.2718426838205358,
          "F": 0.057609315202345086
        },
        "mean_max_confidence": 0.710043629066737
      },
      "N": {
        "n_records": 400,
        "n_beats": 20093,
        "class_distribution": {
          "N": 0.5923953615687055,
          "S": 0.17438909072811426,
          "V": 0.19165878664211417,
          "F": 0.041556761061066046
        },
        "mean_max_confidence": 0.7464765103319075
      },
      "O": {
        "n_records": 400,
        "n_beats": 22040,
        "class_distribution": {
          "N": 0.5612068965517242,
          "S": 0.14469147005444646,
          "V": 0.24809437386569874,
          "F": 0.04600725952813067
        },
        "mean_max_confidence": 0.7331483189131517
      },
      "~": {
        "n_records": 284,
        "n_beats": 8636,
        "class_distribution": {
          "N": 0.3923112552107457,
          "S": 0.05013895321908291,
          "V": 0.4546086150995831,
          "F": 0.10294117647058823
        },
        "mean_max_confidence": 0.7071416818602817
      }
    },
    "lead_i_n_recall_beat_level": 0.5923953615687055,
    "record_level_n_dominance": 0.8525,
    "per_record_dominant_sample": {
      "A": {
        "N": 266,
        "S": 37,
        "V": 90,
        "F": 7
      },
      "N": {
        "N": 341,
        "V": 50,
        "F": 2,
        "S": 7
      },
      "O": {
        "N": 317,
        "V": 66,
        "S": 15,
        "F": 2
      },
      "~": {
        "V": 106,
        "N": 172,
        "F": 3,
        "S": 3
      }
    }
  },
  "deployment": {
    "total_params": 15820,
    "trainable_params": 15820,
    "fp32_size_kb": 62.7578125,
    "int8_size_kb_est": 15.689453125,
    "peak_activation_kb": 12.0,
    "cpu_median_ms": 1.0493499999881806,
    "cpu_mean_ms": 1.4749470000012366,
    "cpu_p95_ms": 3.494345000005687,
    "cpu_p99_ms": 7.000701999999419,
    "arm_estimated_median_ms": 2.6233749999704514,
    "arm_estimated_p95_ms": 8.735862500014218,
    "pass_params": true,
    "pass_fp32_size": true,
    "pass_int8_size": true,
    "pass_activation": true,
    "pass_latency": true
  },
  "targets": {
    "DS2_macro_f1_4class >= 0.62": false,
    "DS2_macro_f1_3class >= 0.80": false,
    "DS2_V_recall >= 0.90": true,
    "DS2_S_recall >= 0.60": false,
    "CinC_N_recall_beat >= 0.80": false,
    "CinC_record_N_dom >= 0.93": false,
    "NSTDB_6dB_macro_f1 >= 0.55": true
  }
}