{
  "checkpoint": "output/checkpoints/v2_cincaug_seed42.pt",
  "is_ensemble": false,
  "ds2": {
    "macro_f1_4class": 0.5540256790223691,
    "macro_f1_3class": 0.7411627358701115,
    "accuracy": 0.8877259369590597,
    "per_class": {
      "N": {
        "precision": 0.9862959285004965,
        "recall": 0.8980717498926238,
        "f1": 0.9401185560301478,
        "support": 44237
      },
      "S": {
        "precision": 0.32859726168948594,
        "recall": 0.6924333151878062,
        "f1": 0.4456902592852137,
        "support": 1837
      },
      "V": {
        "precision": 0.7257838090781469,
        "recall": 0.9633540372670808,
        "f1": 0.8278622898318655,
        "support": 3220
      },
      "F": {
        "precision": 0.0015910898965791568,
        "recall": 0.005154639175257732,
        "f1": 0.0024316109422492403,
        "support": 388
      }
    },
    "auc_per_class": {
      "N": 0.9648507736305487,
      "S": 0.9380542651195202,
      "V": 0.9950718492718688,
      "F": 0.5947234225616216
    },
    "confusion_matrix": [
      [
        39728,
        2570,
        736,
        1203
      ],
      [
        174,
        1272,
        381,
        10
      ],
      [
        47,
        29,
        3102,
        42
      ],
      [
        331,
        0,
        55,
        2
      ]
    ],
    "confusion_matrix_normalized": [
      [
        0.8980717498926238,
        0.05809616384474535,
        0.016637656260596333,
        0.027194430002034496
      ],
      [
        0.09471965160587915,
        0.6924333151878062,
        0.20740337506804574,
        0.005443658138268917
      ],
      [
        0.014596273291925466,
        0.009006211180124223,
        0.9633540372670808,
        0.013043478260869565
      ],
      [
        0.8530927835051546,
        0.0,
        0.14175257731958762,
        0.005154639175257732
      ]
    ],
    "top_confusion_pairs": [
      {
        "true": "N",
        "pred": "S",
        "count": 2570,
        "frac": 0.05809616384474535
      },
      {
        "true": "N",
        "pred": "F",
        "count": 1203,
        "frac": 0.027194430002034496
      },
      {
        "true": "N",
        "pred": "V",
        "count": 736,
        "frac": 0.016637656260596333
      },
      {
        "true": "S",
        "pred": "V",
        "count": 381,
        "frac": 0.20740337506804574
      },
      {
        "true": "F",
        "pred": "N",
        "count": 331,
        "frac": 0.8530927835051546
      },
      {
        "true": "S",
        "pred": "N",
        "count": 174,
        "frac": 0.09471965160587915
      }
    ]
  },
  "calibration": {
    "temperature": 0.9604983925819397,
    "ece_before": 0.0748107868032771,
    "ece_after": 0.06604472636639037,
    "acc_at_80_coverage": 0.9445716442319788,
    "acc_at_90_coverage": 0.9219242725829178,
    "acc_at_95_coverage": 0.9058414729749772
  },
  "snr_robustness": {
    "24": 0.5555979818195812,
    "18": 0.5574030390624598,
    "12": 0.5519330315451432,
    "6": 0.5336673014044536
  },
  "cinc_leadI": {
    "per_rhythm": {
      "A": {
        "n_records": 400,
        "n_beats": 24562,
        "class_distribution": {
          "N": 0.49067665499552154,
          "S": 0.18532692777461118,
          "V": 0.30127839752463154,
          "F": 0.02271801970523573
        },
        "mean_max_confidence": 0.7767824381274419
      },
      "N": {
        "n_records": 400,
        "n_beats": 20093,
        "class_distribution": {
          "N": 0.6098143632110685,
          "S": 0.14801174538396455,
          "V": 0.2229134524461255,
          "F": 0.019260438958841386
        },
        "mean_max_confidence": 0.8088931515141717
      },
      "O": {
        "n_records": 400,
        "n_beats": 22040,
        "class_distribution": {
          "N": 0.5623865698729582,
          "S": 0.12318511796733213,
          "V": 0.2894283121597096,
          "F": 0.025
        },
        "mean_max_confidence": 0.804979272376063
      },
      "~": {
        "n_records": 284,
        "n_beats": 8636,
        "class_distribution": {
          "N": 0.3791106993978694,
          "S": 0.06936081519221862,
          "V": 0.4531032885595183,
          "F": 0.0984251968503937
        },
        "mean_max_confidence": 0.725689673379595
      }
    },
    "lead_i_n_recall_beat_level": 0.6098143632110685,
    "record_level_n_dominance": 0.915,
    "per_record_dominant_sample": {
      "A": {
        "N": 279,
        "S": 33,
        "V": 86,
        "F": 2
      },
      "N": {
        "N": 366,
        "V": 30,
        "S": 4
      },
      "O": {
        "N": 323,
        "V": 69,
        "S": 7,
        "F": 1
      },
      "~": {
        "N": 163,
        "V": 113,
        "F": 3,
        "S": 5
      }
    }
  },
  "deployment": {
    "total_params": 15820,
    "trainable_params": 15820,
    "fp32_size_kb": 62.7578125,
    "int8_size_kb_est": 15.689453125,
    "peak_activation_kb": 12.0,
    "cpu_median_ms": 0.7723499999983119,
    "cpu_mean_ms": 1.0155559999994779,
    "cpu_p95_ms": 2.1265850000034385,
    "cpu_p99_ms": 4.281549999993074,
    "arm_estimated_median_ms": 1.9308749999957797,
    "arm_estimated_p95_ms": 5.316462500008596,
    "pass_params": true,
    "pass_fp32_size": true,
    "pass_int8_size": true,
    "pass_activation": true,
    "pass_latency": true
  },
  "targets": {
    "DS2_macro_f1_4class >= 0.62": false,
    "DS2_macro_f1_3class >= 0.80": false,
    "DS2_V_recall >= 0.90": true,
    "DS2_S_recall >= 0.60": true,
    "CinC_N_recall_beat >= 0.80": false,
    "CinC_record_N_dom >= 0.93": false,
    "NSTDB_6dB_macro_f1 >= 0.55": false
  }
}