{
  "checkpoint": "output/checkpoints/ensemble/v2_ens_manifest.txt",
  "is_ensemble": true,
  "ds2": {
    "macro_f1_4class": 0.5925654119357322,
    "macro_f1_3class": 0.791716322430788,
    "accuracy": 0.9120607060907371,
    "per_class": {
      "N": {
        "precision": 0.9842181467181467,
        "recall": 0.921988380767231,
        "f1": 0.9520874913920889,
        "support": 44237
      },
      "S": {
        "precision": 0.35497408047395707,
        "recall": 0.7827980402830702,
        "f1": 0.48845108695652173,
        "support": 1837
      },
      "V": {
        "precision": 0.895821242019733,
        "recall": 0.9586956521739131,
        "f1": 0.9261926192619262,
        "support": 3220
      },
      "F": {
        "precision": 0.0026845637583892616,
        "recall": 0.005154639175257732,
        "f1": 0.00353045013239188,
        "support": 388
      }
    },
    "auc_per_class": {
      "N": 0.961639105483522,
      "S": 0.948189481628237,
      "V": 0.996753120362035,
      "F": 0.6473401334053328
    },
    "confusion_matrix": [
      [
        40786,
        2584,
        164,
        703
      ],
      [
        223,
        1438,
        163,
        13
      ],
      [
        77,
        29,
        3087,
        27
      ],
      [
        354,
        0,
        32,
        2
      ]
    ],
    "confusion_matrix_normalized": [
      [
        0.921988380767231,
        0.05841264100187626,
        0.003707303840676357,
        0.015891674390216336
      ],
      [
        0.12139357648339684,
        0.7827980402830702,
        0.08873162765378334,
        0.007076755579749592
      ],
      [
        0.02391304347826087,
        0.009006211180124223,
        0.9586956521739131,
        0.008385093167701863
      ],
      [
        0.9123711340206185,
        0.0,
        0.08247422680412371,
        0.005154639175257732
      ]
    ],
    "top_confusion_pairs": [
      {
        "true": "N",
        "pred": "S",
        "count": 2584,
        "frac": 0.05841264100187626
      },
      {
        "true": "N",
        "pred": "F",
        "count": 703,
        "frac": 0.015891674390216336
      },
      {
        "true": "F",
        "pred": "N",
        "count": 354,
        "frac": 0.9123711340206185
      },
      {
        "true": "S",
        "pred": "N",
        "count": 223,
        "frac": 0.12139357648339684
      },
      {
        "true": "N",
        "pred": "V",
        "count": 164,
        "frac": 0.003707303840676357
      },
      {
        "true": "S",
        "pred": "V",
        "count": 163,
        "frac": 0.08873162765378334
      }
    ]
  },
  "calibration": {
    "temperature": 0.714061975479126,
    "ece_before": 0.09996609410417188,
    "ece_after": 0.030259209053560825,
    "acc_at_80_coverage": 0.9595672411624103,
    "acc_at_90_coverage": 0.9437300114060788,
    "acc_at_95_coverage": 0.9306735597601542
  },
  "snr_robustness": {
    "24": 0.5962470411300855,
    "18": 0.5957190540505082,
    "12": 0.5909044234641094,
    "6": 0.5768706672685265
  },
  "cinc_leadI": {
    "per_rhythm": {
      "A": {
        "n_records": 400,
        "n_beats": 24562,
        "class_distribution": {
          "N": 0.5370491002361372,
          "S": 0.21419265532122791,
          "V": 0.23389789105121733,
          "F": 0.014860353391417638
        },
        "mean_max_confidence": 0.74544807570021
      },
      "N": {
        "n_records": 400,
        "n_beats": 20093,
        "class_distribution": {
          "N": 0.6353456427611606,
          "S": 0.17065644751903647,
          "V": 0.18464141740904794,
          "F": 0.009356492310754989
        },
        "mean_max_confidence": 0.7897640332058261
      },
      "O": {
        "n_records": 400,
        "n_beats": 22040,
        "class_distribution": {
          "N": 0.6008166969147005,
          "S": 0.14509981851179674,
          "V": 0.24192377495462794,
          "F": 0.012159709618874774
        },
        "mean_max_confidence": 0.7806684858907696
      },
      "~": {
        "n_records": 284,
        "n_beats": 8636,
        "class_distribution": {
          "N": 0.48471514590088005,
          "S": 0.0881194997684113,
          "V": 0.3904585456229736,
          "F": 0.036706808707735065
        },
        "mean_max_confidence": 0.694040104777877
      }
    },
    "lead_i_n_recall_beat_level": 0.6353456427611606,
    "record_level_n_dominance": 0.935,
    "per_record_dominant_sample": {
      "A": {
        "N": 310,
        "S": 37,
        "V": 53
      },
      "N": {
        "N": 374,
        "V": 22,
        "S": 4
      },
      "O": {
        "N": 347,
        "V": 43,
        "S": 10
      },
      "~": {
        "N": 212,
        "V": 64,
        "F": 3,
        "S": 5
      }
    }
  },
  "deployment": null,
  "targets": {
    "DS2_macro_f1_4class >= 0.62": false,
    "DS2_macro_f1_3class >= 0.80": false,
    "DS2_V_recall >= 0.90": true,
    "DS2_S_recall >= 0.60": true,
    "CinC_N_recall_beat >= 0.80": false,
    "CinC_record_N_dom >= 0.93": true,
    "NSTDB_6dB_macro_f1 >= 0.55": true
  }
}