{
  "checkpoint": "output/checkpoints/ensemble/v2_ens_full_manifest.txt",
  "is_ensemble": true,
  "ds2": {
    "macro_f1_4class": 0.5915282813388096,
    "macro_f1_3class": 0.7898779530790421,
    "accuracy": 0.8910671873112999,
    "per_class": {
      "N": {
        "precision": 0.9878737873787379,
        "recall": 0.8931663539570948,
        "f1": 0.9381358849856944,
        "support": 44237
      },
      "S": {
        "precision": 0.3402973081558859,
        "recall": 0.9221556886227545,
        "f1": 0.4971386647101981,
        "support": 1837
      },
      "V": {
        "precision": 0.8989127240669997,
        "recall": 0.95,
        "f1": 0.9237505662086668,
        "support": 3220
      },
      "F": {
        "precision": 0.004597701149425287,
        "recall": 0.015463917525773196,
        "f1": 0.0070880094506792675,
        "support": 388
      }
    },
    "auc_per_class": {
      "N": 0.9575484462156869,
      "S": 0.96864430725852,
      "V": 0.9969315437366701,
      "F": 0.5005625828450295
    },
    "confusion_matrix": [
      [
        39511,
        3224,
        257,
        1245
      ],
      [
        102,
        1694,
        38,
        3
      ],
      [
        50,
        60,
        3059,
        51
      ],
      [
        333,
        0,
        49,
        6
      ]
    ],
    "confusion_matrix_normalized": [
      [
        0.8931663539570948,
        0.07288016818500351,
        0.005809616384474535,
        0.02814386147342722
      ],
      [
        0.05552531301034295,
        0.9221556886227545,
        0.020685900925421885,
        0.001633097441480675
      ],
      [
        0.015527950310559006,
        0.018633540372670808,
        0.95,
        0.015838509316770187
      ],
      [
        0.8582474226804123,
        0.0,
        0.12628865979381443,
        0.015463917525773196
      ]
    ],
    "top_confusion_pairs": [
      {
        "true": "N",
        "pred": "S",
        "count": 3224,
        "frac": 0.07288016818500351
      },
      {
        "true": "N",
        "pred": "F",
        "count": 1245,
        "frac": 0.02814386147342722
      },
      {
        "true": "F",
        "pred": "N",
        "count": 333,
        "frac": 0.8582474226804123
      },
      {
        "true": "N",
        "pred": "V",
        "count": 257,
        "frac": 0.005809616384474535
      },
      {
        "true": "S",
        "pred": "N",
        "count": 102,
        "frac": 0.05552531301034295
      },
      {
        "true": "V",
        "pred": "S",
        "count": 60,
        "frac": 0.018633540372670808
      }
    ]
  },
  "calibration": {
    "temperature": 0.6297048926353455,
    "ece_before": 0.11640486942628103,
    "ece_after": 0.02855408169965919,
    "acc_at_80_coverage": 0.9421814064662222,
    "acc_at_90_coverage": 0.9236463668284391,
    "acc_at_95_coverage": 0.909824776998538
  },
  "snr_robustness": {
    "24": 0.5888212810857288,
    "18": 0.5867626999720262,
    "12": 0.5806714877328172,
    "6": 0.5658790372729227
  },
  "cinc_leadI": {
    "per_rhythm": {
      "A": {
        "n_records": 400,
        "n_beats": 24562,
        "class_distribution": {
          "N": 0.5692533181337025,
          "S": 0.2428548163830307,
          "V": 0.18500122139890887,
          "F": 0.002890644084357951
        },
        "mean_max_confidence": 0.7836269312078271
      },
      "N": {
        "n_records": 400,
        "n_beats": 20093,
        "class_distribution": {
          "N": 0.6611257651918578,
          "S": 0.21719006619220624,
          "V": 0.12029064848454686,
          "F": 0.001393520131389041
        },
        "mean_max_confidence": 0.8470631469813681
      },
      "O": {
        "n_records": 400,
        "n_beats": 22040,
        "class_distribution": {
          "N": 0.6281760435571688,
          "S": 0.19469147005444645,
          "V": 0.17268602540834846,
          "F": 0.004446460980036298
        },
        "mean_max_confidence": 0.8226864015585498
      },
      "~": {
        "n_records": 284,
        "n_beats": 8636,
        "class_distribution": {
          "N": 0.5754979157017137,
          "S": 0.0913617415470125,
          "V": 0.3235294117647059,
          "F": 0.009610930986567855
        },
        "mean_max_confidence": 0.75368309879245
      }
    },
    "lead_i_n_recall_beat_level": 0.6611257651918578,
    "record_level_n_dominance": 0.98,
    "per_record_dominant_sample": {
      "A": {
        "N": 316,
        "S": 51,
        "V": 33
      },
      "N": {
        "N": 392,
        "V": 3,
        "S": 5
      },
      "O": {
        "N": 367,
        "V": 15,
        "S": 17,
        "F": 1
      },
      "~": {
        "N": 250,
        "V": 29,
        "F": 1,
        "S": 4
      }
    }
  },
  "deployment": null,
  "targets": {
    "DS2_macro_f1_4class >= 0.62": false,
    "DS2_macro_f1_3class >= 0.80": false,
    "DS2_V_recall >= 0.90": true,
    "DS2_S_recall >= 0.60": true,
    "CinC_N_recall_beat >= 0.80": false,
    "CinC_record_N_dom >= 0.93": true,
    "NSTDB_6dB_macro_f1 >= 0.55": true
  }
}