{
  "checkpoint": "output/checkpoints/ensemble/v2_ens_ssl_manifest.txt",
  "is_ensemble": true,
  "ds2": {
    "macro_f1_4class": 0.6004375475488699,
    "macro_f1_3class": 0.8021176974578464,
    "accuracy": 0.8907853951129182,
    "per_class": {
      "N": {
        "precision": 0.9851685952469827,
        "recall": 0.8949295838325384,
        "f1": 0.9378834900855227,
        "support": 44237
      },
      "S": {
        "precision": 0.3782335120018644,
        "recall": 0.8835057158410452,
        "f1": 0.5296997389033943,
        "support": 1837
      },
      "V": {
        "precision": 0.9175973437971627,
        "recall": 0.9440993788819876,
        "f1": 0.9306597275371192,
        "support": 3220
      },
      "F": {
        "precision": 0.0021130480718436345,
        "recall": 0.010309278350515464,
        "f1": 0.0035072336694432268,
        "support": 388
      }
    },
    "auc_per_class": {
      "N": 0.9517579355360153,
      "S": 0.9648818969666667,
      "V": 0.9962884582632278,
      "F": 0.4474314171775574
    },
    "confusion_matrix": [
      [
        39589,
        2631,
        186,
        1831
      ],
      [
        136,
        1623,
        58,
        20
      ],
      [
        105,
        37,
        3040,
        38
      ],
      [
        355,
        0,
        29,
        4
      ]
    ],
    "confusion_matrix_normalized": [
      [
        0.8949295838325384,
        0.05947510002938716,
        0.004204625087596356,
        0.04139069105047811
      ],
      [
        0.07403375068045727,
        0.8835057158410452,
        0.031573217201959713,
        0.010887316276537834
      ],
      [
        0.03260869565217391,
        0.011490683229813664,
        0.9440993788819876,
        0.011801242236024845
      ],
      [
        0.9149484536082474,
        0.0,
        0.07474226804123711,
        0.010309278350515464
      ]
    ],
    "top_confusion_pairs": [
      {
        "true": "N",
        "pred": "S",
        "count": 2631,
        "frac": 0.05947510002938716
      },
      {
        "true": "N",
        "pred": "F",
        "count": 1831,
        "frac": 0.04139069105047811
      },
      {
        "true": "F",
        "pred": "N",
        "count": 355,
        "frac": 0.9149484536082474
      },
      {
        "true": "N",
        "pred": "V",
        "count": 186,
        "frac": 0.004204625087596356
      },
      {
        "true": "S",
        "pred": "N",
        "count": 136,
        "frac": 0.07403375068045727
      },
      {
        "true": "V",
        "pred": "N",
        "count": 105,
        "frac": 0.03260869565217391
      }
    ]
  },
  "calibration": {
    "temperature": 0.6735042333602905,
    "ece_before": 0.11315064377856904,
    "ece_after": 0.027601035845020074,
    "acc_at_80_coverage": 0.9421059252736194,
    "acc_at_90_coverage": 0.9231096101804844,
    "acc_at_95_coverage": 0.9090408288662415
  },
  "snr_robustness": {
    "24": 0.5991106211174156,
    "18": 0.5947150853598793,
    "12": 0.5843702892280628,
    "6": 0.5602254267158121
  },
  "cinc_leadI": {
    "per_rhythm": {
      "A": {
        "n_records": 400,
        "n_beats": 24562,
        "class_distribution": {
          "N": 0.622547023857992,
          "S": 0.19957658171158701,
          "V": 0.17527074342480253,
          "F": 0.002605651005618435
        },
        "mean_max_confidence": 0.7924671899735097
      },
      "N": {
        "n_records": 400,
        "n_beats": 20093,
        "class_distribution": {
          "N": 0.6772507838550739,
          "S": 0.17573284228338226,
          "V": 0.1467177624048176,
          "F": 0.0002986114567262231
        },
        "mean_max_confidence": 0.8512414139657226
      },
      "O": {
        "n_records": 400,
        "n_beats": 22040,
        "class_distribution": {
          "N": 0.653448275862069,
          "S": 0.1484573502722323,
          "V": 0.1967332123411978,
          "F": 0.0013611615245009074
        },
        "mean_max_confidence": 0.8324803790033621
      },
      "~": {
        "n_records": 284,
        "n_beats": 8636,
        "class_distribution": {
          "N": 0.592056507642427,
          "S": 0.07503473830477073,
          "V": 0.3314034275127374,
          "F": 0.0015053265400648448
        },
        "mean_max_confidence": 0.7565441178110475
      }
    },
    "lead_i_n_recall_beat_level": 0.6772507838550739,
    "record_level_n_dominance": 0.9875,
    "per_record_dominant_sample": {
      "A": {
        "N": 352,
        "S": 24,
        "V": 24
      },
      "N": {
        "N": 395,
        "V": 3,
        "S": 2
      },
      "O": {
        "N": 378,
        "V": 14,
        "S": 8
      },
      "~": {
        "N": 256,
        "V": 27,
        "S": 1
      }
    }
  },
  "deployment": null,
  "targets": {
    "DS2_macro_f1_4class >= 0.62": false,
    "DS2_macro_f1_3class >= 0.80": true,
    "DS2_V_recall >= 0.90": true,
    "DS2_S_recall >= 0.60": true,
    "CinC_N_recall_beat >= 0.80": false,
    "CinC_record_N_dom >= 0.93": true,
    "NSTDB_6dB_macro_f1 >= 0.55": true
  }
}