{
  "checkpoint": "output/checkpoints/ensemble/v2_ens_ssl_incartfull_manifest.txt",
  "is_ensemble": true,
  "ds2": {
    "macro_f1_4class": 0.5732269104330948,
    "macro_f1_3class": 0.7657956584768026,
    "accuracy": 0.8284891912563906,
    "per_class": {
      "N": {
        "precision": 0.9857462344730957,
        "recall": 0.8270000226055112,
        "f1": 0.8994222495390289,
        "support": 44237
      },
      "S": {
        "precision": 0.37711760373189296,
        "recall": 0.8361458900381056,
        "f1": 0.5197969543147208,
        "support": 1837
      },
      "V": {
        "precision": 0.8097144382172404,
        "recall": 0.9422360248447205,
        "f1": 0.8709631118128319,
        "support": 3220
      },
      "F": {
        "precision": 0.0014739945251631922,
        "recall": 0.01804123711340206,
        "f1": 0.002725326065797158,
        "support": 388
      }
    },
    "auc_per_class": {
      "N": 0.9473000581453603,
      "S": 0.9621496914397581,
      "V": 0.994977108120949,
      "F": 0.402580284127342
    },
    "confusion_matrix": [
      [
        36584,
        2501,
        530,
        4622
      ],
      [
        111,
        1536,
        157,
        33
      ],
      [
        63,
        36,
        3034,
        87
      ],
      [
        355,
        0,
        26,
        7
      ]
    ],
    "confusion_matrix_normalized": [
      [
        0.8270000226055112,
        0.056536383570314444,
        0.01198092094852725,
        0.10448267287564708
      ],
      [
        0.06042460533478498,
        0.8361458900381056,
        0.085465432770822,
        0.017964071856287425
      ],
      [
        0.01956521739130435,
        0.011180124223602485,
        0.9422360248447205,
        0.02701863354037267
      ],
      [
        0.9149484536082474,
        0.0,
        0.06701030927835051,
        0.01804123711340206
      ]
    ],
    "top_confusion_pairs": [
      {
        "true": "N",
        "pred": "F",
        "count": 4622,
        "frac": 0.10448267287564708
      },
      {
        "true": "N",
        "pred": "S",
        "count": 2501,
        "frac": 0.056536383570314444
      },
      {
        "true": "N",
        "pred": "V",
        "count": 530,
        "frac": 0.01198092094852725
      },
      {
        "true": "F",
        "pred": "N",
        "count": 355,
        "frac": 0.9149484536082474
      },
      {
        "true": "S",
        "pred": "V",
        "count": 157,
        "frac": 0.085465432770822
      },
      {
        "true": "S",
        "pred": "N",
        "count": 111,
        "frac": 0.06042460533478498
      }
    ]
  },
  "calibration": {
    "temperature": 0.9976202249526978,
    "ece_before": 0.09183928743709638,
    "ece_after": 0.09126999493641705,
    "acc_at_80_coverage": 0.8907283935086174,
    "acc_at_90_coverage": 0.8616957037103303,
    "acc_at_95_coverage": 0.84592241032269
  },
  "snr_robustness": {
    "24": 0.5719070670374753,
    "18": 0.5651015567775887,
    "12": 0.5563136108576084,
    "6": 0.525550128497111
  },
  "cinc_leadI": {
    "per_rhythm": {
      "A": {
        "n_records": 400,
        "n_beats": 24562,
        "class_distribution": {
          "N": 0.6224248839671036,
          "S": 0.1481149743506229,
          "V": 0.2227831609803762,
          "F": 0.00667698070189724
        },
        "mean_max_confidence": 0.7783037968178291
      },
      "N": {
        "n_records": 400,
        "n_beats": 20093,
        "class_distribution": {
          "N": 0.6657542427711143,
          "S": 0.16035435226198178,
          "V": 0.16742149007116908,
          "F": 0.006469914895734833
        },
        "mean_max_confidence": 0.8290229077177323
      },
      "O": {
        "n_records": 400,
        "n_beats": 22040,
        "class_distribution": {
          "N": 0.6394283121597096,
          "S": 0.12309437386569873,
          "V": 0.22749546279491834,
          "F": 0.009981851179673321
        },
        "mean_max_confidence": 0.8090783038178286
      },
      "~": {
        "n_records": 284,
        "n_beats": 8636,
        "class_distribution": {
          "N": 0.5398332561371005,
          "S": 0.03994905048633627,
          "V": 0.37077350625289485,
          "F": 0.04944418712366837
        },
        "mean_max_confidence": 0.7200161183271048
      }
    },
    "lead_i_n_recall_beat_level": 0.6657542427711143,
    "record_level_n_dominance": 0.9775,
    "per_record_dominant_sample": {
      "A": {
        "N": 354,
        "S": 9,
        "V": 37
      },
      "N": {
        "N": 391,
        "V": 7,
        "S": 2
      },
      "O": {
        "N": 364,
        "V": 29,
        "F": 3,
        "S": 4
      },
      "~": {
        "N": 238,
        "V": 43,
        "S": 3
      }
    }
  },
  "deployment": null,
  "targets": {
    "DS2_macro_f1_4class >= 0.62": false,
    "DS2_macro_f1_3class >= 0.80": false,
    "DS2_V_recall >= 0.90": true,
    "DS2_S_recall >= 0.60": true,
    "CinC_N_recall_beat >= 0.80": false,
    "CinC_record_N_dom >= 0.93": true,
    "NSTDB_6dB_macro_f1 >= 0.55": false
  }
}