{
  "checkpoint": "output/checkpoints/ensemble/v2_ens_ssl_incart_manifest.txt",
  "is_ensemble": true,
  "ds2": {
    "macro_f1_4class": 0.5598479335439888,
    "macro_f1_3class": 0.7442400954166413,
    "accuracy": 0.8345879795499376,
    "per_class": {
      "N": {
        "precision": 0.9891648339859465,
        "recall": 0.8337364649501549,
        "f1": 0.9048244053825301,
        "support": 44237
      },
      "S": {
        "precision": 0.311051876153373,
        "recall": 0.8258029395753946,
        "f1": 0.45189156985403633,
        "support": 1837
      },
      "V": {
        "precision": 0.8015873015873016,
        "recall": 0.9409937888198758,
        "f1": 0.8657142857142858,
        "support": 3220
      },
      "F": {
        "precision": 0.009360791655522867,
        "recall": 0.09020618556701031,
        "f1": 0.01696147322510298,
        "support": 388
      }
    },
    "auc_per_class": {
      "N": 0.9561443533560662,
      "S": 0.950379727723796,
      "V": 0.9942899740949059,
      "F": 0.4755774212289905
    },
    "confusion_matrix": [
      [
        36882,
        3338,
        486,
        3531
      ],
      [
        74,
        1517,
        208,
        38
      ],
      [
        33,
        22,
        3030,
        135
      ],
      [
        297,
        0,
        56,
        35
      ]
    ],
    "confusion_matrix_normalized": [
      [
        0.8337364649501549,
        0.07545719646449804,
        0.010986278454687253,
        0.07982006013065986
      ],
      [
        0.040283070223189985,
        0.8258029395753946,
        0.11322808927599347,
        0.020685900925421885
      ],
      [
        0.010248447204968944,
        0.0068322981366459624,
        0.9409937888198758,
        0.04192546583850932
      ],
      [
        0.7654639175257731,
        0.0,
        0.14432989690721648,
        0.09020618556701031
      ]
    ],
    "top_confusion_pairs": [
      {
        "true": "N",
        "pred": "F",
        "count": 3531,
        "frac": 0.07982006013065986
      },
      {
        "true": "N",
        "pred": "S",
        "count": 3338,
        "frac": 0.07545719646449804
      },
      {
        "true": "N",
        "pred": "V",
        "count": 486,
        "frac": 0.010986278454687253
      },
      {
        "true": "F",
        "pred": "N",
        "count": 297,
        "frac": 0.7654639175257731
      },
      {
        "true": "S",
        "pred": "V",
        "count": 208,
        "frac": 0.11322808927599347
      },
      {
        "true": "V",
        "pred": "F",
        "count": 135,
        "frac": 0.04192546583850932
      }
    ]
  },
  "calibration": {
    "temperature": 0.8452052474021912,
    "ece_before": 0.09029280571124917,
    "ece_after": 0.05125667552977079,
    "acc_at_80_coverage": 0.8924393005409486,
    "acc_at_90_coverage": 0.8670856350502091,
    "acc_at_95_coverage": 0.8515159861855627
  },
  "snr_robustness": {
    "24": 0.5573392301670301,
    "18": 0.5509309438016525,
    "12": 0.5395913739022291,
    "6": 0.5096348725044355
  },
  "cinc_leadI": {
    "per_rhythm": {
      "A": {
        "n_records": 400,
        "n_beats": 24562,
        "class_distribution": {
          "N": 0.5396954645387183,
          "S": 0.1859783405260158,
          "V": 0.2638628776158293,
          "F": 0.010463317319436527
        },
        "mean_max_confidence": 0.7868067480246976
      },
      "N": {
        "n_records": 400,
        "n_beats": 20093,
        "class_distribution": {
          "N": 0.6525655700990395,
          "S": 0.16199671527397602,
          "V": 0.17757427959986063,
          "F": 0.007863435027123875
        },
        "mean_max_confidence": 0.8402346185763254
      },
      "O": {
        "n_records": 400,
        "n_beats": 22040,
        "class_distribution": {
          "N": 0.6154718693284936,
          "S": 0.13058076225045373,
          "V": 0.2424228675136116,
          "F": 0.011524500907441016
        },
        "mean_max_confidence": 0.8163614464311872
      },
      "~": {
        "n_records": 284,
        "n_beats": 8636,
        "class_distribution": {
          "N": 0.48981009726725333,
          "S": 0.039254284390921726,
          "V": 0.41500694766095414,
          "F": 0.055928670680870776
        },
        "mean_max_confidence": 0.7359945492274566
      }
    },
    "lead_i_n_recall_beat_level": 0.6525655700990395,
    "record_level_n_dominance": 0.965,
    "per_record_dominant_sample": {
      "A": {
        "N": 307,
        "S": 32,
        "V": 61
      },
      "N": {
        "N": 386,
        "V": 9,
        "S": 5
      },
      "O": {
        "N": 358,
        "V": 35,
        "S": 6,
        "F": 1
      },
      "~": {
        "N": 221,
        "V": 59,
        "F": 1,
        "S": 3
      }
    }
  },
  "deployment": null,
  "targets": {
    "DS2_macro_f1_4class >= 0.62": false,
    "DS2_macro_f1_3class >= 0.80": false,
    "DS2_V_recall >= 0.90": true,
    "DS2_S_recall >= 0.60": true,
    "CinC_N_recall_beat >= 0.80": false,
    "CinC_record_N_dom >= 0.93": true,
    "NSTDB_6dB_macro_f1 >= 0.55": false
  }
}