{
  "checkpoint": "D:\\GP-IMP\\Cardiac\\output\\checkpoints\\ensemble\\v2_ens_manifest.txt",
  "is_ensemble": true,
  "ds2": {
    "macro_f1_4class": 0.5860980776064152,
    "macro_f1_3class": 0.7843034292414534,
    "accuracy": 0.8855722394428566,
    "per_class": {
      "N": {
        "precision": 0.9873141077170418,
        "recall": 0.8884644076225784,
        "f1": 0.9352846689273604,
        "support": 44237
      },
      "S": {
        "precision": 0.37629839471199245,
        "recall": 0.8677191072400653,
        "f1": 0.5249464844393216,
        "support": 1837
      },
      "V": {
        "precision": 0.8135014447071185,
        "recall": 0.9618012422360248,
        "f1": 0.8814572363739861,
        "support": 3220
      },
      "F": {
        "precision": 0.0016384489350081922,
        "recall": 0.007731958762886598,
        "f1": 0.0027039206849932404,
        "support": 388
      }
    },
    "auc_per_class": {
      "N": 0.9579940986122976,
      "S": 0.9612018782526341,
      "V": 0.9968427548218795,
      "F": 0.47321224661289574
    },
    "confusion_matrix": [
      [
        39303,
        2594,
        537,
        1803
      ],
      [
        118,
        1594,
        113,
        12
      ],
      [
        62,
        48,
        3097,
        13
      ],
      [
        325,
        0,
        60,
        3
      ]
    ],
    "confusion_matrix_normalized": [
      [
        0.8884644076225784,
        0.05863869611411262,
        0.012139159527092705,
        0.04075773673621629
      ],
      [
        0.06423516603157321,
        0.8677191072400653,
        0.061513336962438755,
        0.0065323897659227
      ],
      [
        0.019254658385093167,
        0.014906832298136646,
        0.9618012422360248,
        0.004037267080745342
      ],
      [
        0.8376288659793815,
        0.0,
        0.15463917525773196,
        0.007731958762886598
      ]
    ],
    "top_confusion_pairs": [
      {
        "true": "N",
        "pred": "S",
        "count": 2594,
        "frac": 0.05863869611411262
      },
      {
        "true": "N",
        "pred": "F",
        "count": 1803,
        "frac": 0.04075773673621629
      },
      {
        "true": "N",
        "pred": "V",
        "count": 537,
        "frac": 0.012139159527092705
      },
      {
        "true": "F",
        "pred": "N",
        "count": 325,
        "frac": 0.8376288659793815
      },
      {
        "true": "S",
        "pred": "N",
        "count": 118,
        "frac": 0.06423516603157321
      },
      {
        "true": "S",
        "pred": "V",
        "count": 113,
        "frac": 0.061513336962438755
      }
    ]
  },
  "calibration": {
    "temperature": 0.745678722858429,
    "ece_before": 0.08236729127548488,
    "ece_after": 0.022611743252296854,
    "acc_at_80_coverage": 0.950132092087055,
    "acc_at_90_coverage": 0.9232661642028046,
    "acc_at_95_coverage": 0.9056719706761023
  },
  "snr_robustness": {
    "24": 0.5860275848074787,
    "18": 0.5836082716705983,
    "12": 0.580782801544162,
    "6": 0.5640589984209983
  },
  "cinc_leadI": {
    "per_rhythm": {
      "A": {
        "n_records": 738,
        "n_beats": 35226,
        "class_distribution": {
          "N": 0.7398228581161642,
          "S": 0.1311815136546869,
          "V": 0.12717878839493557,
          "F": 0.001816839834213365
        },
        "mean_max_confidence": 0.7953734503439133
      },
      "N": {
        "n_records": 5050,
        "n_beats": 187406,
        "class_distribution": {
          "N": 0.9615380510762729,
          "S": 0.009642167273192961,
          "V": 0.028360884923641718,
          "F": 0.0004588967268924154
        },
        "mean_max_confidence": 0.8952519228757678
      },
      "O": {
        "n_records": 2455,
        "n_beats": 103635,
        "class_distribution": {
          "N": 0.844589183191007,
          "S": 0.04677956288898538,
          "V": 0.1074154484488831,
          "F": 0.0012158054711246201
        },
        "mean_max_confidence": 0.8513272734292137
      },
      "~": {
        "n_records": 284,
        "n_beats": 8148,
        "class_distribution": {
          "N": 0.7162493863524791,
          "S": 0.04135984290623466,
          "V": 0.23576337751595483,
          "F": 0.0066273932253313695
        },
        "mean_max_confidence": 0.7641437190000075
      }
    },
    "lead_i_n_recall_beat_level": 0.9615380510762729,
    "record_level_n_dominance": 0.9966336633663366,
    "per_record_dominant_sample": {
      "A": {
        "N": 667,
        "S": 33,
        "V": 38
      },
      "N": {
        "N": 5033,
        "V": 17
      },
      "O": {
        "N": 2353,
        "V": 89,
        "S": 13
      },
      "~": {
        "N": 266,
        "V": 17,
        "S": 1
      }
    },
    "eval_mode": "all_records",
    "holdout_n_record_count": null
  },
  "cinc_leadI_holdout": {
    "per_rhythm": {
      "A": {
        "n_records": 738,
        "n_beats": 35226,
        "class_distribution": {
          "N": 0.7398228581161642,
          "S": 0.1311815136546869,
          "V": 0.12717878839493557,
          "F": 0.001816839834213365
        },
        "mean_max_confidence": 0.7953734503439133
      },
      "N": {
        "n_records": 1010,
        "n_beats": 37689,
        "class_distribution": {
          "N": 0.9627477513332803,
          "S": 0.008915068056992756,
          "V": 0.02796571944068561,
          "F": 0.00037146116904136485
        },
        "mean_max_confidence": 0.8946865003294772
      },
      "O": {
        "n_records": 2455,
        "n_beats": 103635,
        "class_distribution": {
          "N": 0.844589183191007,
          "S": 0.04677956288898538,
          "V": 0.1074154484488831,
          "F": 0.0012158054711246201
        },
        "mean_max_confidence": 0.8513272734292137
      },
      "~": {
        "n_records": 284,
        "n_beats": 8148,
        "class_distribution": {
          "N": 0.7162493863524791,
          "S": 0.04135984290623466,
          "V": 0.23576337751595483,
          "F": 0.0066273932253313695
        },
        "mean_max_confidence": 0.7641437190000075
      }
    },
    "lead_i_n_recall_beat_level": 0.9627477513332803,
    "record_level_n_dominance": 0.999009900990099,
    "per_record_dominant_sample": {
      "A": {
        "N": 667,
        "S": 33,
        "V": 38
      },
      "N": {
        "N": 1009,
        "V": 1
      },
      "O": {
        "N": 2353,
        "V": 89,
        "S": 13
      },
      "~": {
        "N": 266,
        "V": 17,
        "S": 1
      }
    },
    "eval_mode": "holdout_only",
    "holdout_n_record_count": 1010
  },
  "deployment": null,
  "targets": {
    "DS2_macro_f1_4class >= 0.62": false,
    "DS2_macro_f1_3class >= 0.80": false,
    "DS2_V_recall >= 0.90": true,
    "DS2_S_recall >= 0.60": true,
    "CinC_N_recall_beat >= 0.80": true,
    "CinC_record_N_dom >= 0.93": true,
    "NSTDB_6dB_macro_f1 >= 0.55": true
  }
}