{
  "checkpoint": "output/checkpoints/v2_cincaug_ssl_incartfull_seed42.pt",
  "is_ensemble": false,
  "ds2": {
    "macro_f1_4class": 0.5123407043017976,
    "macro_f1_3class": 0.685227089863369,
    "accuracy": 0.7706815345598004,
    "per_class": {
      "N": {
        "precision": 0.9866314045743846,
        "recall": 0.7674345005312295,
        "f1": 0.8633369783587214,
        "support": 44237
      },
      "S": {
        "precision": 0.32646834477498093,
        "recall": 0.6989657049537289,
        "f1": 0.4450606585788561,
        "support": 1837
      },
      "V": {
        "precision": 0.6049652432969216,
        "recall": 0.9459627329192547,
        "f1": 0.737976983646275,
        "support": 3220
      },
      "F": {
        "precision": 0.0015860428231562252,
        "recall": 0.02577319587628866,
        "f1": 0.0029881966233378156,
        "support": 388
      }
    },
    "auc_per_class": {
      "N": 0.9506259329054727,
      "S": 0.937089601566208,
      "V": 0.9919819469112674,
      "F": 0.46458650788306144
    },
    "confusion_matrix": [
      [
        33949,
        2630,
        1531,
        6127
      ],
      [
        113,
        1284,
        393,
        47
      ],
      [
        34,
        19,
        3046,
        121
      ],
      [
        313,
        0,
        65,
        10
      ]
    ],
    "confusion_matrix_normalized": [
      [
        0.7674345005312295,
        0.05945249451816353,
        0.03460903768338721,
        0.13850396726721975
      ],
      [
        0.061513336962438755,
        0.6989657049537289,
        0.21393576483396842,
        0.02558519324986391
      ],
      [
        0.010559006211180125,
        0.005900621118012423,
        0.9459627329192547,
        0.037577639751552795
      ],
      [
        0.8067010309278351,
        0.0,
        0.16752577319587628,
        0.02577319587628866
      ]
    ],
    "top_confusion_pairs": [
      {
        "true": "N",
        "pred": "F",
        "count": 6127,
        "frac": 0.13850396726721975
      },
      {
        "true": "N",
        "pred": "S",
        "count": 2630,
        "frac": 0.05945249451816353
      },
      {
        "true": "N",
        "pred": "V",
        "count": 1531,
        "frac": 0.03460903768338721
      },
      {
        "true": "S",
        "pred": "V",
        "count": 393,
        "frac": 0.21393576483396842
      },
      {
        "true": "F",
        "pred": "N",
        "count": 313,
        "frac": 0.8067010309278351
      },
      {
        "true": "V",
        "pred": "F",
        "count": 121,
        "frac": 0.037577639751552795
      }
    ]
  },
  "calibration": {
    "temperature": 1.1236649751663208,
    "ece_before": 0.028357246907085312,
    "ece_after": 0.05563805178200717,
    "acc_at_80_coverage": 0.8334130079255252,
    "acc_at_90_coverage": 0.8031668642229329,
    "acc_at_95_coverage": 0.7884399432167298
  },
  "snr_robustness": {
    "24": 0.5176251065142481,
    "18": 0.517384098869532,
    "12": 0.5151843882131358,
    "6": 0.49736880495679664
  },
  "cinc_leadI": {
    "per_rhythm": {
      "A": {
        "n_records": 200,
        "n_beats": 11954,
        "class_distribution": {
          "N": 0.5893424795047683,
          "S": 0.11259829345825666,
          "V": 0.28634766605320394,
          "F": 0.011711560983771123
        },
        "mean_max_confidence": 0.8032937020322681
      },
      "N": {
        "n_records": 200,
        "n_beats": 9795,
        "class_distribution": {
          "N": 0.6621745788667688,
          "S": 0.10587034201123022,
          "V": 0.22021439509954058,
          "F": 0.01174068402246044
        },
        "mean_max_confidence": 0.851772139658424
      },
      "O": {
        "n_records": 200,
        "n_beats": 11166,
        "class_distribution": {
          "N": 0.6106036181264554,
          "S": 0.08337811212609708,
          "V": 0.2844348916353215,
          "F": 0.021583378112126097
        },
        "mean_max_confidence": 0.8311489134541169
      },
      "~": {
        "n_records": 200,
        "n_beats": 6036,
        "class_distribution": {
          "N": 0.5352882703777336,
          "S": 0.033631544068919814,
          "V": 0.3893306825712392,
          "F": 0.041749502982107355
        },
        "mean_max_confidence": 0.7676302762893433
      }
    },
    "lead_i_n_recall_beat_level": 0.6621745788667688,
    "record_level_n_dominance": 0.955,
    "per_record_dominant_sample": {
      "A": {
        "N": 167,
        "S": 4,
        "V": 29
      },
      "N": {
        "N": 191,
        "V": 8,
        "S": 1
      },
      "O": {
        "N": 173,
        "V": 21,
        "F": 5,
        "S": 1
      },
      "~": {
        "N": 162,
        "V": 35,
        "F": 2,
        "S": 1
      }
    }
  },
  "deployment": {
    "total_params": 15820,
    "trainable_params": 15820,
    "fp32_size_kb": 62.7578125,
    "int8_size_kb_est": 15.689453125,
    "peak_activation_kb": 12.0,
    "cpu_median_ms": 0.6948999999991656,
    "cpu_mean_ms": 0.9173434999997454,
    "cpu_p95_ms": 1.8463250000039009,
    "cpu_p99_ms": 5.048152999995627,
    "arm_estimated_median_ms": 1.737249999997914,
    "arm_estimated_p95_ms": 4.615812500009752,
    "pass_params": true,
    "pass_fp32_size": true,
    "pass_int8_size": true,
    "pass_activation": true,
    "pass_latency": true
  },
  "targets": {
    "DS2_macro_f1_4class >= 0.62": false,
    "DS2_macro_f1_3class >= 0.80": false,
    "DS2_V_recall >= 0.90": true,
    "DS2_S_recall >= 0.60": true,
    "CinC_N_recall_beat >= 0.80": false,
    "CinC_record_N_dom >= 0.93": true,
    "NSTDB_6dB_macro_f1 >= 0.55": false
  }
}