{
  "checkpoint": "output/checkpoints/v2_cincaug_ssl_incart_w1_seed42.pt",
  "is_ensemble": false,
  "ds2": {
    "macro_f1_4class": 0.5684679210082868,
    "macro_f1_3class": 0.7591029317321537,
    "accuracy": 0.8798156273902017,
    "per_class": {
      "N": {
        "precision": 0.9823250683179984,
        "recall": 0.8857291407645184,
        "f1": 0.9315296467119966,
        "support": 44237
      },
      "S": {
        "precision": 0.3114788881816253,
        "recall": 0.799129014697877,
        "f1": 0.4482442748091603,
        "support": 1837
      },
      "V": {
        "precision": 0.8370755750273823,
        "recall": 0.9493788819875777,
        "f1": 0.889697322467986,
        "support": 3220
      },
      "F": {
        "precision": 0.002797202797202797,
        "recall": 0.010309278350515464,
        "f1": 0.0044004400440044,
        "support": 388
      }
    },
    "auc_per_class": {
      "N": 0.9353491346479527,
      "S": 0.9433894255589563,
      "V": 0.9952133393722407,
      "F": 0.3485014591600408
    },
    "confusion_matrix": [
      [
        39182,
        3203,
        467,
        1385
      ],
      [
        260,
        1468,
        98,
        11
      ],
      [
        91,
        42,
        3057,
        30
      ],
      [
        354,
        0,
        30,
        4
      ]
    ],
    "confusion_matrix_normalized": [
      [
        0.8857291407645184,
        0.07240545244930714,
        0.010556773741438163,
        0.03130863304473631
      ],
      [
        0.14153511159499182,
        0.799129014697877,
        0.053347849755035384,
        0.005988023952095809
      ],
      [
        0.02826086956521739,
        0.013043478260869565,
        0.9493788819875777,
        0.009316770186335404
      ],
      [
        0.9123711340206185,
        0.0,
        0.07731958762886598,
        0.010309278350515464
      ]
    ],
    "top_confusion_pairs": [
      {
        "true": "N",
        "pred": "S",
        "count": 3203,
        "frac": 0.07240545244930714
      },
      {
        "true": "N",
        "pred": "F",
        "count": 1385,
        "frac": 0.03130863304473631
      },
      {
        "true": "N",
        "pred": "V",
        "count": 467,
        "frac": 0.010556773741438163
      },
      {
        "true": "F",
        "pred": "N",
        "count": 354,
        "frac": 0.9123711340206185
      },
      {
        "true": "S",
        "pred": "N",
        "count": 260,
        "frac": 0.14153511159499182
      },
      {
        "true": "S",
        "pred": "V",
        "count": 98,
        "frac": 0.053347849755035384
      }
    ]
  },
  "calibration": {
    "temperature": 1.118420124053955,
    "ece_before": 0.04809495064305356,
    "ece_after": 0.07046007191058465,
    "acc_at_80_coverage": 0.9391621587621084,
    "acc_at_90_coverage": 0.912486301523047,
    "acc_at_95_coverage": 0.8969426022840434
  },
  "snr_robustness": {
    "24": 0.5693699819151046,
    "18": 0.5691411002987067,
    "12": 0.5613525192338163,
    "6": 0.5374032858063423
  },
  "cinc_leadI": {
    "per_rhythm": {
      "A": {
        "n_records": 200,
        "n_beats": 11954,
        "class_distribution": {
          "N": 0.7326417935419106,
          "S": 0.13108582901120963,
          "V": 0.13551949138363728,
          "F": 0.0007528860632424293
        },
        "mean_max_confidence": 0.8613682583894382
      },
      "N": {
        "n_records": 200,
        "n_beats": 9795,
        "class_distribution": {
          "N": 0.7048494129657988,
          "S": 0.15997958141909138,
          "V": 0.13302705461970393,
          "F": 0.0021439509954058193
        },
        "mean_max_confidence": 0.893161432988915
      },
      "O": {
        "n_records": 200,
        "n_beats": 11166,
        "class_distribution": {
          "N": 0.6875335840945728,
          "S": 0.12099229804764464,
          "V": 0.18726491133799034,
          "F": 0.004209206519792227
        },
        "mean_max_confidence": 0.8795031455256873
      },
      "~": {
        "n_records": 200,
        "n_beats": 6036,
        "class_distribution": {
          "N": 0.6086812458581843,
          "S": 0.05931080185553347,
          "V": 0.3167660702451955,
          "F": 0.015241882041086813
        },
        "mean_max_confidence": 0.8018148820267125
      }
    },
    "lead_i_n_recall_beat_level": 0.7048494129657988,
    "record_level_n_dominance": 0.985,
    "per_record_dominant_sample": {
      "A": {
        "N": 193,
        "S": 2,
        "V": 5
      },
      "N": {
        "N": 197,
        "V": 2,
        "S": 1
      },
      "O": {
        "N": 192,
        "V": 8
      },
      "~": {
        "N": 178,
        "V": 20,
        "S": 2
      }
    }
  },
  "deployment": {
    "total_params": 15820,
    "trainable_params": 15820,
    "fp32_size_kb": 62.7578125,
    "int8_size_kb_est": 15.689453125,
    "peak_activation_kb": 12.0,
    "cpu_median_ms": 0.7322499999986576,
    "cpu_mean_ms": 1.113811499999855,
    "cpu_p95_ms": 3.211669999999588,
    "cpu_p99_ms": 6.2091300000062635,
    "arm_estimated_median_ms": 1.830624999996644,
    "arm_estimated_p95_ms": 8.02917499999897,
    "pass_params": true,
    "pass_fp32_size": true,
    "pass_int8_size": true,
    "pass_activation": true,
    "pass_latency": true
  },
  "targets": {
    "DS2_macro_f1_4class >= 0.62": false,
    "DS2_macro_f1_3class >= 0.80": false,
    "DS2_V_recall >= 0.90": true,
    "DS2_S_recall >= 0.60": true,
    "CinC_N_recall_beat >= 0.80": false,
    "CinC_record_N_dom >= 0.93": true,
    "NSTDB_6dB_macro_f1 >= 0.55": false
  }
}